dilihat	(1, 1, 0, 1, 2, 0, 1, 0, 0, 0, 1, 0)
dimakan	(2, 1, 0, 0, 1, 1, 0, 1, 1, 0, 0, 0)
lihat	(1, 0, 0, 1, 1, 0, 1, 0, 0, 0, 1, 0)
main	(1, 0, 0, 0, 1, 0, 0, 1, 1, 0, 0, 0)
mainan	(2, 0, 0, 0, 1, 0, 0, 1, 2, 0, 0, 0)
makan	(2, 0, 0, 0, 0, 1, 0, 1, 1, 0, 0, 0)
makanan	(3, 0, 0, 0, 0, 1, 0, 1, 2, 0, 0, 0)
melihat	(1, 0, 1, 1, 1, 0, 1, 1, 0, 0, 1, 0)
memakan	(2, 0, 1, 0, 0, 1, 0, 2, 1, 0, 0, 0)
meminum	(0, 0, 1, 0, 1, 0, 0, 3, 1, 0, 0, 1)
minum	(0, 0, 0, 0, 1, 0, 0, 2, 1, 0, 0, 1)
minuman	(1, 0, 0, 0, 1, 0, 0, 2, 2, 0, 0, 1)
pemakan	(2, 0, 1, 0, 0, 1, 0, 1, 1, 1, 0, 0)
peminum	(0, 0, 1, 0, 1, 0, 0, 2, 1, 1, 0, 1)
