ambil	(1, 1, 0, 0, 0, 0, 1, 0, 0, 1, 1, 0, 0, 0, 0, 0, 0)
bekerja	(1, 1, 0, 2, 0, 0, 0, 1, 1, 0, 0, 0, 0, 1, 0, 0, 0)
beli	(0, 1, 0, 1, 0, 0, 1, 0, 0, 1, 0, 0, 0, 0, 0, 0, 0)
berlari	(1, 1, 0, 1, 0, 0, 1, 0, 0, 1, 0, 0, 0, 2, 0, 0, 0)
bermain	(1, 1, 0, 1, 0, 0, 1, 0, 0, 0, 1, 1, 0, 1, 0, 0, 0)
diambil	(1, 1, 1, 0, 0, 0, 2, 0, 0, 1, 1, 0, 0, 0, 0, 0, 0)
diambilkan	(2, 1, 1, 0, 0, 0, 2, 0, 1, 1, 1, 1, 0, 0, 0, 0, 0)
dibeli	(0, 1, 1, 1, 0, 0, 2, 0, 0, 1, 0, 0, 0, 0, 0, 0, 0)
dibelikan	(1, 1, 1, 1, 0, 0, 2, 0, 1, 1, 0, 1, 0, 0, 0, 0, 0)
dikeluarkan	(2, 0, 1, 1, 0, 0, 1, 0, 2, 1, 0, 1, 0, 1, 0, 0, 1)
dilihat	(1, 0, 1, 0, 0, 1, 2, 0, 0, 1, 0, 0, 0, 0, 0, 1, 0)
dimakan	(2, 0, 1, 0, 0, 0, 1, 0, 1, 0, 1, 1, 0, 0, 0, 0, 0)
dimasak	(2, 0, 1, 0, 0, 0, 1, 0, 1, 0, 1, 0, 0, 0, 1, 0, 0)
dimasuki	(1, 0, 1, 0, 0, 0, 2, 0, 1, 0, 1, 0, 0, 0, 1, 0, 1)
dimasukkan	(2, 0, 1, 0, 0, 0, 1, 0, 2, 0, 1, 1, 0, 0, 1, 0, 1)
diminum	(0, 0, 1, 0, 0, 0, 2, 0, 0, 0, 2, 1, 0, 0, 0, 0, 1)
diperlihatkan	(2, 0, 1, 1, 0, 1, 2, 0, 1, 1, 0, 1, 1, 1, 0, 1, 0)
keluar	(1, 0, 0, 1, 0, 0, 0, 0, 1, 1, 0, 0, 0, 1, 0, 0, 1)
keluaran	(2, 0, 0, 1, 0, 0, 0, 0, 1, 1, 0, 1, 0, 1, 0, 0, 1)
kerja	(1, 0, 0, 1, 0, 0, 0, 1, 1, 0, 0, 0, 0, 1, 0, 0, 0)
kerjaan	(2, 0, 0, 1, 0, 0, 0, 1, 1, 0, 0, 1, 0, 1, 0, 0, 0)
lari	(1, 0, 0, 0, 0, 0, 1, 0, 0, 1, 0, 0, 0, 1, 0, 0, 0)
lihat	(1, 0, 0, 0, 0, 1, 1, 0, 0, 1, 0, 0, 0, 0, 0, 1, 0)
main	(1, 0, 0, 0, 0, 0, 1, 0, 0, 0, 1, 1, 0, 0, 0, 0, 0)
mainan	(2, 0, 0, 0, 0, 0, 1, 0, 0, 0, 1, 2, 0, 0, 0, 0, 0)
makan	(2, 0, 0, 0, 0, 0, 0, 0, 1, 0, 1, 1, 0, 0, 0, 0, 0)
makanan	(3, 0, 0, 0, 0, 0, 0, 0, 1, 0, 1, 2, 0, 0, 0, 0, 0)
makanlah	(3, 0, 0, 0, 0, 1, 0, 0, 1, 1, 1, 1, 0, 0, 0, 0, 0)
masak	(2, 0, 0, 0, 0, 0, 0, 0, 1, 0, 1, 0, 0, 0, 1, 0, 0)
masakan	(3, 0, 0, 0, 0, 0, 0, 0, 1, 0, 1, 1, 0, 0, 1, 0, 0)
masuk	(1, 0, 0, 0, 0, 0, 0, 0, 1, 0, 1, 0, 0, 0, 1, 0, 1)
masukan	(2, 0, 0, 0, 0, 0, 0, 0, 1, 0, 1, 1, 0, 0, 1, 0, 1)
melihat	(1, 0, 0, 1, 0, 1, 1, 0, 0, 1, 1, 0, 0, 0, 0, 1, 0)
memakan	(2, 0, 0, 1, 0, 0, 0, 0, 1, 0, 2, 1, 0, 0, 0, 0, 0)
memasak	(2, 0, 0, 1, 0, 0, 0, 0, 1, 0, 2, 0, 0, 0, 1, 0, 0)
memasuki	(1, 0, 0, 1, 0, 0, 1, 0, 1, 0, 2, 0, 0, 0, 1, 0, 1)
memasukkan	(2, 0, 0, 1, 0, 0, 0, 0, 2, 0, 2, 1, 0, 0, 1, 0, 1)
membeli	(0, 1, 0, 2, 0, 0, 1, 0, 0, 1, 2, 0, 0, 0, 0, 0, 0)
meminum	(0, 0, 0, 1, 0, 0, 1, 0, 0, 0, 3, 1, 0, 0, 0, 0, 1)
mengambil	(1, 1, 0, 1, 1, 0, 1, 0, 0, 1, 2, 1, 0, 0, 0, 0, 0)
mengeluarkan	(2, 0, 0, 2, 1, 0, 0, 0, 1, 1, 1, 2, 0, 1, 0, 0, 1)
minum	(0, 0, 0, 0, 0, 0, 1, 0, 0, 0, 2, 1, 0, 0, 0, 0, 1)
minumlah	(1, 0, 0, 0, 0, 1, 1, 0, 0, 1, 2, 1, 0, 0, 0, 0, 1)
pekerja	(1, 0, 0, 2, 0, 0, 0, 1, 1, 0, 0, 0, 1, 1, 0, 0, 0)
pekerjaan	(2, 0, 0, 2, 0, 0, 0, 1, 1, 0, 0, 1, 1, 1, 0, 0, 0)
pelari	(1, 0, 0, 1, 0, 0, 1, 0, 0, 1, 0, 0, 1, 1, 0, 0, 0)
pemain	(1, 0, 0, 1, 0, 0, 1, 0, 0, 0, 1, 1, 1, 0, 0, 0, 0)
pemasukan	(2, 0, 0, 1, 0, 0, 0, 0, 1, 0, 1, 1, 1, 0, 1, 0, 1)
peminum	(0, 0, 0, 1, 0, 0, 1, 0, 0, 0, 2, 1, 1, 0, 0, 0, 1)
pengambilan	(2, 1, 0, 1, 1, 0, 1, 0, 0, 1, 1, 2, 1, 0, 0, 0, 0)
pengeluaran	(2, 0, 0, 2, 1, 0, 0, 0, 0, 1, 0, 2, 1, 1, 0, 0, 1)
permainan	(2, 0, 0, 1, 0, 0, 1, 0, 0, 0, 1, 2, 1, 1, 0, 0, 0)
terambil	(1, 1, 0, 1, 0, 0, 1, 0, 0, 1, 1, 0, 0, 1, 0, 1, 0)
terbeli	(0, 1, 0, 2, 0, 0, 1, 0, 0, 1, 0, 0, 0, 1, 0, 1, 0)
termakan	(2, 0, 0, 1, 0, 0, 0, 0, 1, 0, 1, 1, 0, 1, 0, 1, 0)
termasuk	(1, 0, 0, 1, 0, 0, 0, 0, 1, 0, 1, 0, 0, 1, 1, 1, 1)
terminum	(0, 0, 0, 1, 0, 0, 1, 0, 0, 0, 2, 1, 0, 1, 0, 1, 1)
