dilihat	(1, 1, 0, 1, 2, 0, 1, 0, 0, 0, 0, 0, 1, 0)
dimakan	(2, 1, 0, 0, 1, 1, 0, 1, 1, 0, 0, 0, 0, 0)
dimasak	(2, 1, 0, 0, 1, 1, 0, 1, 0, 0, 0, 1, 0, 0)
diminum	(0, 1, 0, 0, 2, 0, 0, 2, 1, 0, 0, 0, 0, 1)
diperlihatkan	(2, 1, 1, 1, 2, 1, 1, 0, 1, 1, 1, 0, 1, 0)
lihat	(1, 0, 0, 1, 1, 0, 1, 0, 0, 0, 0, 0, 1, 0)
makan	(2, 0, 0, 0, 0, 1, 0, 1, 1, 0, 0, 0, 0, 0)
makanan	(3, 0, 0, 0, 0, 1, 0, 1, 2, 0, 0, 0, 0, 0)
makanlah	(3, 0, 0, 1, 0, 1, 1, 1, 1, 0, 0, 0, 0, 0)
masak	(2, 0, 0, 0, 0, 1, 0, 1, 0, 0, 0, 1, 0, 0)
masakan	(3, 0, 0, 0, 0, 1, 0, 1, 1, 0, 0, 1, 0, 0)
melihat	(1, 0, 1, 1, 1, 0, 1, 1, 0, 0, 0, 0, 1, 0)
memakan	(2, 0, 1, 0, 0, 1, 0, 2, 1, 0, 0, 0, 0, 0)
memasak	(2, 0, 1, 0, 0, 1, 0, 2, 0, 0, 0, 1, 0, 0)
meminum	(0, 0, 1, 0, 1, 0, 0, 3, 1, 0, 0, 0, 0, 1)
minum	(0, 0, 0, 0, 1, 0, 0, 2, 1, 0, 0, 0, 0, 1)
minumlah	(1, 0, 0, 1, 1, 0, 1, 2, 1, 0, 0, 0, 0, 1)
peminum	(0, 0, 1, 0, 1, 0, 0, 2, 1, 1, 0, 0, 0, 1)
termakan	(2, 0, 1, 0, 0, 1, 0, 1, 1, 0, 1, 0, 1, 0)
terminum	(0, 0, 1, 0, 1, 0, 0, 2, 1, 0, 1, 0, 1, 1)
